   0.717724399337876   0.579842989605580   0.385556473166187                   0
  -0.308879023487852  -0.231132218718995   0.922589641346155                   0
   0.624071658901666  -0.781255403101507   0.013212103557927                   0
                   0                   0                   0   1.000000000000000
